              precision    recall  f1-score   support

 PREP+PRO-KS       0.88      0.86      0.87        58
      PROADJ       0.97      0.98      0.97      3419
    PREP+ADV       0.97      0.90      0.93        31
         CUR       0.99      1.00      0.99       296
          IN       0.49      0.64      0.56        98
         ADJ       0.95      0.95      0.95      8554
         NUM       0.96      0.96      0.96      2541
        PDEN       0.88      0.91      0.90      1092
          KC       0.97      0.97      0.97      4531
       NPROP       0.94      0.93      0.94     15936
    PREP+ART       0.98      0.98      0.98     10219
          KS       0.92      0.92      0.92      2538
 PREP+PROSUB       0.89      0.85      0.87       156
         ART       0.98      0.99      0.99     12580
 PREP+PROADJ       1.00      0.99      1.00       309
           V       0.99      0.99      0.99     19711
         PCP       0.97      0.96      0.96      3640
PREP+PROPESS       1.00      0.98      0.99       126
         ADV       0.93      0.93      0.93      5446
           N       0.97      0.97      0.97     36542
        PREP       0.98      0.98      0.98     16778
     PROPESS       0.99      0.99      0.99      2876
      PRO-KS       0.91      0.96      0.93      2195
      ADV-KS       0.87      0.84      0.85       230
      PROSUB       0.92      0.87      0.90      1567
          PU       1.00      1.00      1.00     26904

    accuracy                           0.97    178373
   macro avg       0.93      0.93      0.93    178373
weighted avg       0.97      0.97      0.97    178373
